*vertices 1083
1 "Honolulu"
2 "Tokyo"
3 "Seoul"
4 "Los Angeles"
5 "Hong Kong"
6 "Bangkok"
7 "Taipei"
8 "Shanghai"
9 "Kigali"
10 "Muscat"
11 "New York"
12 "Abu Dhabi"
13 "Singapore"
14 "Jakarta"
15 "Beijing"
16 "London"
17 "Geneva"
18 "Sao Paulo"
19 "Buenos Aires"
20 "Bahrain"
21 "Tenerife"
22 "Malaga"
23 "Stockholm"
24 "Auckland"
25 "Madrid"
26 "Amsterdam"
27 "Zurich"
28 "Frankfurt"
29 "Chicago"
30 "Doha"
31 "Paris"
32 "Macau"
33 "Osaka"
34 "Kuala Lumpur"
35 "Guangzhou"
36 "BarcelonaS"
37 "Sydney"
38 "Bujumbura"
39 "Munich"
40 "Calgary"
41 "Newark"
42 "San Francisco"
43 "Ouagadougou"
44 "Cotonou"
45 "Denpasar"
46 "Alicante"
47 "Las Palmas"
48 "Istanbul"
49 "Tehran"
50 "Sharm El Sheikh"
51 "Copenhagen"
52 "Brisbane"
53 "Kuwait"
54 "Dublin"
55 "Toronto"
56 "Vancouver"
57 "Mexico City"
58 "Melbourne"
59 "Boston"
60 "Larnaca"
61 "Washington"
62 "Douala"
63 "Bangui"
64 "Moscow"
65 "Kiev"
66 "Dar Es Salaam"
67 "Manchester"
68 "Gran Canaria"
69 "Ho Chi Minh City"
70 "Dubai"
71 "Monrovia"
72 "Accra"
73 "Christchurch"
74 "Hangzhou"
75 "Malta"
76 "Kilimanjaro"
77 "Entebbe"
78 "Nice"
79 "Lisbon"
80 "Faro"
81 "Rome"
82 "Montreal"
83 "SantiagoC"
84 "Luanda"
85 "Kinshasa"
86 "Conakry"
87 "Brussels"
88 "Banjul"
89 "Abidjan"
90 "Berlin"
91 "Miami"
92 "Houston"
93 "Guadalajara"
94 "Dallas-fort Worth"
95 "Atlanta"
96 "Kathmandu"
97 "Delhi"
98 "Nairobi"
99 "Jeddah"
100 "Manila"
101 "Niamey"
102 "Fukuoka"
103 "Vienna"
104 "Colombo"
105 "Wellington"
106 "Freeport"
107 "Freetown"
108 "Fort Lauderdale"
109 "Surabaya"
110 "Guatemala City"
111 "Nagoya"
112 "Addis Ababa"
113 "Budapest"
114 "Rio De Janeiro"
115 "Milan"
116 "Lome"
117 "Salzburg"
118 "Hamburg"
119 "Duesseldorf"
120 "Basel-Mulhouse-Freiburg"
121 "Orlando"
122 "Lima"
123 "Bombay"
124 "Montevideo"
125 "Cebu"
126 "Chengdu"
127 "Perth"
128 "Penang"
129 "Odessa"
130 "Porto"
131 "San JoseC"
132 "Phoenix"
133 "Khartoum"
134 "Osh"
135 "Milano"
136 "Grenoble"
137 "Fuerteventura"
138 "East Midlands"
139 "Ko Samui"
140 "Hanoi"
141 "Amman"
142 "Male"
143 "Karachi"
144 "Alexandria"
145 "Seattle"
146 "Porto Alegre"
147 "Kunming"
148 "Phuket"
149 "Yaounde"
150 "Agana"
151 "Bamako"
152 "Tianjin"
153 "Qingdao"
154 "Dalian"
155 "Chongqing"
156 "Busan"
157 "Zagreb"
158 "Mombasa"
159 "Warsaw"
160 "Sofia"
161 "Gothenborg"
162 "Nassau"
163 "Minsk 2"
164 "Simferopol"
165 "Tallinn-ulemiste International"
166 "Helsinki"
167 "Medan"
168 "Kuching"
169 "Papeete"
170 "Lusaka"
171 "Edinburgh"
172 "Detroit"
173 "Ottawa"
174 "Yerevan"
175 "St. Petersburg"
176 "Puerto Vallarta"
177 "Las Vegas"
178 "Athens"
179 "Madras"
180 "St. Thomas"
181 "San Juan"
182 "Juba"
183 "Stuttgart"
184 "Dhaka"
185 "Calcutta"
186 "Libreville"
187 "Dakar"
188 "Dnepropetrovsk"
189 "Bucharest"
190 "NewcastleU"
191 "San Salvador"
192 "Graz"
193 "Sverdlovsk"
194 "Novosibirsk"
195 "Samara"
196 "Bishkek"
197 "Shizuoka"
198 "Sapporo"
199 "Philadelphia"
200 "Beirut"
201 "Prague"
202 "Caracas"
203 "Innsbruck"
204 "Bandung"
205 "Palma de Mallorca"
206 "Bristol"
207 "Birmingham"
208 "Riyadh"
209 "Dammam"
210 "Cork"
211 "Santo Domingo"
212 "Sohag"
213 "Harare"
214 "Queenstown International"
215 "Nandi"
216 "Changcha"
217 "Xiamen"
218 "Sanya"
219 "Nanjing"
220 "Ninbo"
221 "Tselinograd"
222 "Baku"
223 "Cancun"
224 "Abuja"
225 "Panama City"
226 "Wuxi"
227 "Wuhan"
228 "Port Moresby"
229 "Yanji"
230 "Weihai"
231 "Jinan"
232 "Shenyang"
233 "Malabo"
234 "Riga"
235 "Haikou"
236 "Stavanger"
237 "Luxor"
238 "Glasgow"
239 "Bergen"
240 "Tel-aviv"
241 "Marrakech"
242 "Oslo"
243 "Maputo"
244 "Johannesburg"
245 "Isle Of Man"
246 "Cape Town"
247 "Adelaide"
248 "Xi'an"
249 "Shenzhen"
250 "Kaohsiung"
251 "Fuzhou"
252 "ValenciaS"
253 "Torino"
254 "Lagos"
255 "Brazzaville"
256 "San Jose Del Cabo"
257 "Asuncion"
258 "Del Bajio"
259 "Pulau"
260 "Kota Kinabalu"
261 "Oran"
262 "Venice"
263 "Pointe-a-pitre"
264 "Phnom-penh"
265 "Lyon"
266 "Lilongwe"
267 "Djibouti"
268 "Firenze"
269 "Fort-de-france"
270 "Dzaoudzi"
271 "Bordeaux"
272 "Algier"
273 "Halifax"
274 "Edmonton"
275 "Portland"
276 "Catania"
277 "Cologne"
278 "San Pedro Sula"
279 "Peshawar"
280 "Managua"
281 "Tirana"
282 "Hyderabad"
283 "BarcelonaV"
284 "St. Croix Island"
285 "Roadtown/beef Island"
286 "Nicosia"
287 "Yangon"
288 "Casablanca"
289 "Agadir"
290 "Zanzibar"
291 "Thessaloniki"
292 "Pristina"
293 "Kabul"
294 "Dushanbe"
295 "Alma-ata"
296 "Bogota"
297 "Castries"
298 "Willemstad"
299 "Oranjestad"
300 "Tanger"
301 "Kichinau Fir/acc/com"
302 "Beaufort"
303 "Charlotte"
304 "Paphos"
305 "Funchal"
306 "Djerba"
307 "Hurghada"
308 "Punta Cana"
309 "Goa"
310 "Donetsk"
311 "Aberdeen"
312 "Damascus"
313 "Noumea"
314 "Lahore"
315 "Islamabad"
316 "Ankara"
317 "Trivandrum"
318 "Bangalore"
319 "Cairo"
320 "St.-denis"
321 "Plaisance"
322 "Belfast"
323 "Krakow"
324 "Klagenfurt"
325 "Izmir"
326 "Saarbruecken"
327 "Guayaquil"
328 "Yantai"
329 "Coolangatta"
330 "Cairns"
331 "Sanaa"
332 "Tiruchirappalli"
333 "Sevilla"
334 "Bilbao"
335 "Tashkent"
336 "Krasnodar"
337 "Beograd"
338 "Solo City"
339 "Palembang"
340 "Pekanbaru"
341 "Manado"
342 "Balikpapan"
343 "Kaunas"
344 "Aden"
345 "Port-vila"
346 "Honiara"
347 "Chiang Mai"
348 "Mashhad"
349 "Shannon"
350 "Connaught"
351 "Kulyab"
352 "Asyut"
353 "Turku"
354 "Bissau"
355 "Rostov"
356 "Mineralnye Vody"
357 "Sochi"
358 "Pointe-noire"
359 "Urumqi"
360 "Nanning"
361 "Okinawa"
362 "Havana"
363 "Sendai"
364 "Avarua"
365 "West Palm Beach"
366 "Okayama"
367 "Monterrey"
368 "Marsh Harbor"
369 "Manaus"
370 "Niigata"
371 "Hiroshima"
372 "GeorgetownC"
373 "Denver"
374 "Asmara"
375 "Ashkhabad"
376 "Tegucigalpa"
377 "Port-of-spain"
378 "Point Salines"
379 "Vilnius"
380 "Darwin"
381 "Dili"
382 "Guernsey"
383 "Windhoek"
384 "Villafranca"
385 "Pisa"
386 "Providenciales"
387 "Naples"
388 "Marseille"
389 "Montego Bay"
390 "Livingstone"
391 "Jersey"
392 "Gibraltar"
393 "Chambery"
394 "Bologna"
395 "Bridgetown"
396 "Chingchuakang"
397 "Timisoara"
398 "Leeds"
399 "Bergamo"
400 "Rio Negro"
401 "Tunis"
402 "Florianopolis"
403 "Minneapolis"
404 "Hermosillo"
405 "Brunei"
406 "Calicut"
407 "Annaba"
408 "Vigo"
409 "Antananarivo"
410 "Toulouse"
411 "Philipsburg"
412 "Sibiu"
413 "Luxemburg"
414 "Ljubliana"
415 "Eindhoven"
416 "Yancheng"
417 "Zhengzhou"
418 "Victoria"
419 "Winnipeg"
420 "Regina"
421 "Varadero"
422 "Kingston"
423 "Holguin"
424 "Cincinnati"
425 "Cleveland"
426 "Hannover"
427 "Bari"
428 "Antalya"
429 "Tampa"
430 "Sacramento"
431 "San JoseU"
432 "San Diego"
433 "Raleigh-durham"
434 "Belo Horizonte"
435 "Baltimore"
436 "Brasilia"
437 "Antigua"
438 "Tbilisi"
439 "Sharjah"
440 "Kochi"
441 "Vieques Island"
442 "N'djamena"
443 "Rabat"
444 "Oujda"
445 "Port-au-prince"
446 "Cheju"
447 "Punta del Este"
448 "Santa Cruz"
449 "La PazB"
450 "San Antonio"
451 "Khudzhand"
452 "Kazan"
453 "Krasnoyarsk"
454 "Chittagong"
455 "Termez"
456 "Tivat"
457 "Samarkand"
458 "Namangan"
459 "Ganja"
460 "Khanabad"
461 "Fergana"
462 "Bukhara"
463 "Andizhan"
464 "Quito"
465 "Cozumel"
466 "Belize City"
467 "Dortmund"
468 "Saskatoon"
469 "Quebec"
470 "Sao Vicente Island"
471 "Amilcar Cabral"
472 "Praia,Santiago Island"
473 "Tozeur"
474 "Monastir"
475 "Enfidha"
476 "Madinah"
477 "Sandefjord"
478 "Kristiansand"
479 "Haugesund"
480 "Gdansk"
481 "Walvis Bay"
482 "Tete"
483 "Beira"
484 "Vladivostok"
485 "Khabarovsk"
486 "Chelyabinsk"
487 "Ponta Delgada"
488 "Tabriz"
489 "Aleppo"
490 "Vientiane"
491 "Siem-reap"
492 "Luang Prabang"
493 "Gustavia"
494 "Skopje"
495 "Hatay"
496 "Podgorica"
497 "Lvov"
498 "Iasi"
499 "Kharkov"
500 "Cluj-napoca"
501 "Altenrhein"
502 "Ulan Bator"
503 "Bremen"
504 "Karlovy Vary"
505 "Ovda"
506 "Gyumri"
507 "Sialkot"
508 "Al Ain"
509 "Miho"
510 "Toyama"
511 "Takamatsu"
512 "Saipan"
513 "Matsuyama"
514 "Kumamoto"
515 "Miyazaki"
516 "Santo"
517 "NewcastleA"
518 "Norfolk Island"
519 "Guilin"
520 "Abha"
521 "St.-pierreR"
522 "Durban"
523 "Davao"
524 "Danang"
525 "Coimbatore"
526 "Mataram"
527 "Quanzhou"
528 "Toamasina"
529 "Mahajanga"
530 "Moroni"
531 "Tirgu Mures"
532 "Aalborg"
533 "Liberia"
534 "Tripoli"
535 "Benghazi"
536 "Angeles City"
537 "Dominica"
538 "Wroclaw"
539 "Split"
540 "Poznan"
541 "Nuernberg"
542 "Linz"
543 "Leipzig"
544 "Katowice"
545 "Dubrovnik"
546 "Billund"
547 "La Ceiba"
548 "Pemba"
549 "Mwanza"
550 "Zandery"
551 "Ndola"
552 "Liverpool"
553 "Lubumashi"
554 "Kralendijk"
555 "Sulaymaniyah"
556 "Erbil"
557 "Adana"
558 "Vaasa"
559 "Tampere"
560 "Babelthuap"
561 "Nagasaki"
562 "Kagoshima"
563 "Kanazawa"
564 "La Coruna"
565 "Campinas"
566 "Porto Velho"
567 "Marktoberdorf"
568 "Cuiaba"
569 "Vilhena"
570 "Ciudad del Este"
571 "Sarajevo"
572 "Deire Zor"
573 "Rimini"
574 "Shiraz"
575 "Nantes"
576 "Genoa"
577 "Nouakschott"
578 "Yuzhno-sakhalinsk"
579 "Urgench"
580 "Harbin"
581 "Irkutsk"
582 "Monaco"
583 "Arica"
584 "Antofagasta"
585 "Hefei"
586 "Ujung Pandang"
587 "Campo Grande"
588 "Kuantan"
589 "Ipoh"
590 "Banda Aceh"
591 "Batam"
592 "Kaliningrad"
593 "Rzeszow"
594 "Rygge"
595 "Palermo"
596 "Murcia"
597 "Lodz"
598 "Kerry"
599 "Doncaster,Sheffield"
600 "Bratislava"
601 "Turany"
602 "Taiz"
603 "Xuzhou"
604 "Kiritimati"
605 "Keflavik"
606 "Taiyuan"
607 "Shijiazhuang"
608 "Bourgas"
609 "Milwaukee"
610 "Malakal"
611 "Mazar-i-sharif"
612 "Kandahar"
613 "Bandar Abbas"
614 "Ahwaz"
615 "Ahmedabad"
616 "Trondheim"
617 "Palanga"
618 "Aktau"
619 "Zihuatanejo"
620 "Salt Lake City"
621 "Mazatlan"
622 "Memphis"
623 "Kano"
624 "GeorgetownG"
625 "Tongatapu"
626 "Rotorua"
627 "HamiltonN"
628 "Dunedin"
629 "Faleolo"
630 "Mudanjiang"
631 "Changchun"
632 "Heraklion"
633 "Pardubice"
634 "Manzanillo"
635 "Moncton"
636 "Yap"
637 "Villahermosa"
638 "Vera Cruz"
639 "Torreon"
640 "Toluca"
641 "Chuuk"
642 "Tuxtla Gutierrez"
643 "Treasure Cay"
644 "Tampico"
645 "Saltillo"
646 "San Luis Potosi"
647 "Roatan"
648 "Rota"
649 "Queretaro"
650 "Pohnpei"
651 "Puebla"
652 "Oaxaca"
653 "Morelia"
654 "Merida"
655 "Majuro"
656 "Kwajalein"
657 "Kosrae"
658 "Bahias Dehuatulco"
659 "Governor's Harbor"
660 "Great Exuma"
661 "North Eleuthera"
662 "Durango"
663 "Chihuahua"
664 "Ciudad Del Carmen"
665 "Aguadilla"
666 "Alice Town"
667 "Bermuda"
668 "Aguascalientes"
669 "Acapulco"
670 "Nanchang"
671 "Muan"
672 "Pyongyang"
673 "Dresden"
674 "Bern"
675 "Gaberone"
676 "Southampton"
677 "Victoria Falls"
678 "Hewandorra"
679 "Scarborough"
680 "Basse Terre"
681 "Norwich"
682 "Teesside"
683 "Lugano"
684 "Humberside"
685 "Cardiff"
686 "Craiova"
687 "Ancona"
688 "Umea"
689 "Tartu-ulenurme"
690 "Skelleftea"
691 "Oulu"
692 "Norrkoeping"
693 "Kruunupyy"
694 "Cali"
695 "Fez"
696 "Mendoza"
697 "Zacatecas"
698 "Tijuana"
699 "Fresno"
700 "Windsor Locks"
701 "Tlemcen"
702 "Setif"
703 "Mulhouse"
704 "Lille"
705 "Constantine"
706 "Biskra"
707 "Batna"
708 "Bejaja"
709 "Strasbourg"
710 "Rotterdam"
711 "Rennes"
712 "Aviles"
713 "Limoges"
714 "Exeter"
715 "Clermont Ferrand"
716 "Cayenne"
717 "Kalibo"
718 "St. Louis"
719 "Santa Clara"
720 "Fort Myers"
721 "Puerto Plata"
722 "Pittsburgh (pennsylva)"
723 "Kahului"
724 "New Orleans"
725 "Kansas City"
726 "La Romana"
727 "Kona"
728 "Indianapolis"
729 "Cayo"
730 "Columbus"
731 "Cayo Coco"
732 "Nashville"
733 "Samana"
734 "Santa Cruz De La Palma"
735 "Paderborn"
736 "Olbia"
737 "Brindisi"
738 "Batumi"
739 "Gaya"
740 "Sao Tome"
741 "Vilankulu"
742 "Volgograd"
743 "Stavropol"
744 "ValenciaV"
745 "Orenburg"
746 "Nukus"
747 "Ostrava"
748 "Sion"
749 "Hassi-messaoud"
750 "Menorca"
751 "Chongju"
752 "Bacolod"
753 "Voronezh"
754 "Nis"
755 "Tyumen"
756 "Kish Island"
757 "Oakland"
758 "Mukalla"
759 "Mogadishu"
760 "Galcaio"
761 "Berbera"
762 "Port Hedland"
763 "Nhatrang"
764 "Zweibruecken"
765 "Boa Vista"
766 "Salalah"
767 "Lucknow"
768 "Jaipur"
769 "Treviso"
770 "Luebeck"
771 "Gerona"
772 "Memmingen"
773 "Abbotsford"
774 "Prince George"
775 "Thunder Bay"
776 "Comox"
777 "Kelowna"
778 "HamiltonC"
779 "Santa Ana"
780 "Palm Springs"
781 "Lihue"
782 "Charlestown"
783 "Zaragoza"
784 "Prestwick"
785 "Weeze"
786 "Malmoe"
787 "Hahn"
788 "Forli"
789 "Levaldigi"
790 "Charleroi"
791 "Beauvais"
792 "Isfahan"
793 "Fortaleza"
794 "Chernovtsk"
795 "Louisville"
796 "Richmond"
797 "Kingstown"
798 "Porlamar"
799 "Salvador"
800 "Mahe"
801 "Nosy-be"
802 "Guaymas"
803 "Uralsk"
804 "Kostanay"
805 "Karaganda"
806 "Atyrau"
807 "Chimkent"
808 "Yenbo"
809 "Taif"
810 "Gassim"
811 "St. John's"
812 "Nizhniy Novgorod"
813 "Astrakhan"
814 "Ufa"
815 "Perm"
816 "Montpellier"
817 "Almeria"
818 "Cagliari"
819 "Bournemouth"
820 "St. Martin"
821 "Belem"
822 "Sfax"
823 "Krabi"
824 "Songkhla"
825 "Recife"
826 "Natal"
827 "Taba"
828 "Sanford"
829 "Marsa Alam"
830 "Kittila"
831 "Inhambane"
832 "Najaf"
833 "Nakhchivan"
834 "Misratah"
835 "Basrah"
836 "Baghdad"
837 "Eskissehir"
838 "Varanasi"
839 "Amritsar"
840 "Lansing"
841 "Maun"
842 "Alesund"
843 "Wau"
844 "Port Sudan"
845 "Wallis"
846 "Manzini"
847 "Maseru"
848 "Mpumalanga"
849 "Bulawayo"
850 "Blantyre"
851 "Nampula"
852 "Ust Kamenogorsk"
853 "Pavlodar"
854 "Plovdiv"
855 "Ras Al Khaimah"
856 "Waterford"
857 "Southend"
858 "Reykjavik"
859 "Vagar"
860 "Latakia"
861 "Kamishly"
862 "Yakutsk"
863 "Yogyakarta"
864 "Savannakhet"
865 "Pakse"
866 "Jinghong"
867 "Nikolayev"
868 "The Valley"
869 "Foz Do Iguacu"
870 "Curitiba"
871 "Cordoba"
872 "Zahedan"
873 "Quetta"
874 "Turbat"
875 "Rahim Yar Khan"
876 "Multan"
877 "Faisalabad"
878 "Gwadar"
879 "Dera Ghazi Khan"
880 "St.-pierreS"
881 "Mont-Tremblant"
882 "Burlington"
883 "Gaziantep"
884 "St.-etienne"
885 "Kayseri"
886 "Asahikawa"
887 "Kosice"
888 "Augsburg"
889 "Poprad"
890 "Žilina"
891 "Cochabamba"
892 "Alofi"
893 "Kulusuk"
894 "Godthaab"
895 "Laoag"
896 "Golouchestershire"
897 "Blackpool"
898 "Cockburn Town"
899 "SantiagoD"
900 "Cartagena"
901 "Armenia"
902 "Wenzhou"
903 "Taegu"
904 "Mandalay"
905 "Luxi"
906 "Toliara"
907 "Sainte Marie"
908 "Antsiranana"
909 "Anjouan"
910 "Ronchi De Legionari"
911 "Rhodos"
912 "Pescara"
913 "Perugia"
914 "Canouan Island"
915 "Rosario"
916 "Rio Gallegos"
917 "Punta Arenas"
918 "Mount Pleasant"
919 "Iquique"
920 "Easter Island"
921 "Liege"
922 "Linkoeping"
923 "Huangshan"
924 "Oita"
925 "Hakodate"
926 "Akita"
927 "Aomori"
928 "Thimphu"
929 "Baghdogra"
930 "Guwahati"
931 "Cap Haitien"
932 "Malacca"
933 "Banja Luka"
934 "Tioman"
935 "Khanty-Mansiysk"
936 "Hodeidah"
937 "Sayun Intl"
938 "Lar"
939 "Valladolid"
940 "Salamanca"
941 "Leon"
942 "Deering"
943 "Groningen"
944 "Friedrichshafen"
945 "Manzhouli"
946 "Lanzhou"
947 "Chita"
948 "Pago Pago"
949 "Arequipa"
950 "Mackenzie British Columbia"
951 "Huhhot"
952 "Dinard"
953 "Alderney"
954 "Sondrestrom"
955 "Praya"
956 "Nagpur"
957 "Navoi"
958 "Vaxjo"
959 "Vasteras"
960 "Tours"
961 "Trapani"
962 "Szczechin"
963 "Lamezia"
964 "Santander"
965 "SantiagoS"
966 "Rodez"
967 "Parma"
968 "Poitiers"
969 "Perpignan"
970 "La Rochelle"
971 "Lappeenranta"
972 "Tarbes"
973 "Nimes"
974 "Karlsruhe/Baden-Baden"
975 "Constanta"
976 "Carcassonne"
977 "Beziers"
978 "Bydgoszcz"
979 "Biarritz-bayonne"
980 "Alghero"
981 "Aarhus"
982 "Tarawa"
983 "Nausori"
984 "Funafuti"
985 "Makale"
986 "Dire Dawa"
987 "Chah Bahar"
988 "Dasht-e-naz"
989 "Sanandaj"
990 "Bakhtaran"
991 "Bushehr"
992 "Yazd"
993 "Abadan"
994 "Leixlip"
995 "Block Island"
996 "Bodo"
997 "Omsk"
998 "Makhachkala"
999 "Lubango"
1000 "Christmas Island"
1001 "Zhanjiang"
1002 "Shantou"
1003 "Meixian"
1004 "Guiyang"
1005 "Santiago De Cuba"
1006 "Camaguey"
1007 "Cienfuegos"
1008 "Pereira"
1009 "Maracaibo"
1010 "Cucuta"
1011 "Bucaramanga"
1012 "Barranquilla"
1013 "San Andres Island"
1014 "Lhasa"
1015 "Hailar"
1016 "Rovaniemi"
1017 "Francistown"
1018 "Kasane"
1019 "Sylhet Osmani"
1020 "Inverness"
1021 "Dongloe"
1022 "Esbjerg"
1023 "Christiansted"
1024 "San Luis"
1025 "Fengnin"
1026 "Ponce"
1027 "Jacksonville"
1028 "White Plains"
1029 "Dakhla"
1030 "Ouarzazate"
1031 "El Aaiún"
1032 "Essadouira"
1033 "Loreto"
1034 "La PazM"
1035 "Iguazu Falls"
1036 "Ontario"
1037 "Brownsville"
1038 "Padang"
1039 "Miri"
1040 "Metz"
1041 "Pau"
1042 "Deauville"
1043 "Brive"
1044 "Antwerp"
1045 "Syracuse"
1046 "Sarasota"
1047 "Rochester"
1048 "Providence"
1049 "Harrisburg"
1050 "Grand Rapids"
1051 "Albany"
1052 "Allentown"
1053 "Muenster/osnabrueck"
1054 "Arvidsjaur"
1055 "Ibaraki"
1056 "Brest"
1057 "Aktyubinsk"
1058 "Surgut"
1059 "Paraguana"
1060 "Kitakyushu"
1061 "Saratov"
1062 "Hargeisa"
1063 "Rock Sound"
1064 "Chub Cay"
1065 "Andros Town"
1066 "Tromso"
1067 "Murmansk"
1068 "Arkhangelsk"
1069 "Geralds"
1070 "Salta"
1071 "Cuzco"
1072 "Bocas Del Toro"
1073 "Maastricht"
1074 "Yichang"
1075 "Rio Hacha"
1076 "Mariehamn"
1077 "Bobo-dioulasso"
1078 "Pune"
1079 "Bosaso"
1080 "Wajir"
1081 "Cayman Barac"
1082 "Bahar Dar"
1083 "Al Hociema"
*edges
1 2 6103
2 1 6103
2 3 1243
3 2 1243
2 4 8691
4 2 8691
5 6 1681
6 5 1681
7 8 685
8 7 685
9 77 357
8 5 1240
5 8 1240
10 12 352
11 16 5512
12 10 352
7 2 2212
2 7 2212
13 14 837
14 13 837
15 2 2105
2 15 2105
16 17 754
17 16 754
18 19 1748
19 18 1748
13 2 5343
2 13 5343
20 30 143
16 28 660
21 16 2961
16 21 2961
3 8 831
2 5 2942
5 2 2942
8 2 1778
2 8 1778
22 16 1662
16 23 1473
23 16 1473
24 37 2195
25 16 1243
16 25 1243
16 26 375
14 34 1118
26 16 375
9 98 821
27 16 785
16 27 785
28 16 660
29 31 6635
16 11 5512
30 20 143
31 29 6635
29 16 6296
16 29 6296
16 4 8676
4 16 8676
8 32 1298
32 8 1298
33 3 846
3 6 3637
3 33 846
6 3 3637
13 34 331
13 5 2559
34 13 331
5 13 2559
8 3 831
2 6 4617
6 2 4617
35 6 1666
6 35 1666
16 36 1157
16 22 1662
36 16 1157
37 24 2195
34 6 1215
6 34 1215
16 54 437
34 14 1118
38 98 918
39 16 951
16 39 951
40 16 6967
37 4 12115
31 41 5813
16 40 6967
16 41 5505
4 37 12115
41 31 5813
41 16 5505
24 58 2651
42 16 8548
16 42 8548
13 6 1445
6 13 1445
43 44 787
44 43 787
13 45 1631
45 13 1631
16 47 2701
16 46 1481
46 16 1481
47 16 2701
48 49 2020
49 48 2020
15 3 884
3 15 884
50 16 3854
16 50 3854
13 52 6086
16 51 981
51 16 981
52 13 6086
42 3 9039
3 42 9039
53 20 404
54 16 437
20 53 404
55 16 5667
56 16 7530
57 4 2534
58 24 2651
16 55 5667
16 56 7530
16 59 5192
4 57 2534
59 16 5192
16 60 3248
60 16 3248
42 5 11069
16 61 5844
61 16 5844
5 42 11069
62 63 963
63 62 963
64 65 735
65 64 735
66 98 688
21 67 3074
67 21 3074
16 68 2864
68 16 2864
69 6 704
6 69 704
70 10 330
71 72 1142
72 71 1142
37 73 2131
73 37 2131
5 74 1070
74 5 1070
75 16 2073
16 75 2073
76 158 320
77 9 357
37 6 7520
78 16 1019
79 16 1534
16 79 1534
16 70 5482
16 78 1019
16 80 1754
80 16 1754
70 16 5482
6 37 7520
81 16 1411
24 52 2331
25 79 480
25 26 1452
79 25 480
25 31 1033
11 28 6170
28 11 6170
31 25 1033
82 31 5516
83 19 1161
84 85 592
85 62 1080
85 87 6255
19 83 1161
62 85 1080
86 88 521
31 82 5516
87 84 6751
87 9 6409
88 86 521
89 116 593
90 16 929
31 16 375
16 90 929
16 31 375
55 29 703
55 11 580
56 4 1683
82 11 524
7 4 10892
42 2 8181
83 122 2477
2 11 10732
91 16 7052
16 82 5191
16 91 7052
16 92 7688
16 95 6714
4 56 1683
4 7 10892
4 93 2127
4 24 10476
11 55 580
11 82 524
11 2 10732
11 31 5820
92 16 7688
2 42 8181
93 4 2127
28 94 8188
94 28 8188
95 16 6714
96 97 827
97 96 827
98 66 688
64 90 1642
90 64 1642
99 70 1701
70 99 1701
7 13 3174
13 7 3174
13 100 2325
100 13 2325
43 101 401
101 43 401
62 44 884
44 62 884
3 102 555
102 3 555
79 36 936
36 79 936
103 64 1687
64 103 1687
67 46 1685
46 67 1685
53 70 818
70 53 818
104 142 800
105 37 2252
29 26 6574
106 108 141
107 88 649
108 106 141
88 107 649
26 29 6574
72 116 118
109 13 1351
13 109 1351
4 110 3531
110 4 3531
52 24 2331
8 111 1467
15 5 1972
2 35 2952
111 8 1467
5 15 1972
35 2 2952
7 3 1495
3 7 1495
77 112 1289
112 77 1289
13 58 6031
13 28 10282
58 13 6031
16 113 1468
28 13 10282
113 16 1468
114 19 2012
19 114 2012
26 25 1452
79 31 1413
115 31 612
92 31 8012
61 31 6153
81 31 1045
31 79 1413
31 115 612
31 92 8012
31 61 6153
31 81 1045
31 36 839
36 31 839
71 89 678
43 87 4360
98 87 6585
116 87 5038
77 87 6290
62 87 5304
87 71 5197
87 43 4360
87 62 5304
87 38 6482
87 88 4627
87 89 5184
88 87 4627
89 87 5184
103 36 1381
117 16 1010
16 119 510
39 48 1540
16 118 762
16 120 711
16 117 1010
118 16 762
28 103 620
119 16 510
120 16 711
36 103 1381
82 16 5191
7 42 10379
42 7 10379
29 55 703
29 2 9959
29 57 2734
2 29 9959
91 31 7322
57 29 2734
121 16 6927
25 11 5736
122 83 2477
16 121 6927
16 349 612
11 25 5736
31 91 7322
31 11 5820
24 4 10476
29 5 12416
16 97 6675
16 123 7223
11 87 5842
5 29 12416
97 16 6675
87 11 5842
123 16 7223
111 3 980
3 5 2060
5 3 2060
3 111 980
13 123 3918
97 6 2974
123 13 3918
123 6 3010
6 97 2974
6 123 3010
124 19 259
19 124 259
3 125 3039
125 3 3039
5 126 1361
126 5 1361
7 33 1718
13 69 1120
13 127 3930
13 128 637
69 13 1120
127 13 3930
128 13 637
33 7 1718
50 67 4049
67 50 4049
64 129 1120
129 64 1120
31 130 1226
130 31 1226
131 132 3808
132 131 3808
133 99 954
99 133 954
134 64 2998
64 134 2998
62 186 365
135 36 761
25 64 3436
64 25 3436
64 36 3055
36 135 761
36 64 3055
36 26 1247
26 36 1247
21 138 3084
16 136 803
130 25 439
25 130 439
16 137 2801
136 16 803
137 16 2801
138 21 3084
22 67 1839
8 6 2870
6 8 2870
139 13 1054
13 139 1054
140 6 968
6 140 968
141 12 1980
135 87 686
87 135 686
142 104 800
10 70 330
143 70 1170
70 143 1170
99 144 1379
144 99 1379
145 3 8334
146 124 691
4 3 9560
11 3 11006
3 145 8334
3 4 9560
3 11 11006
37 105 2252
127 45 2596
58 105 2595
45 127 2596
70 104 3318
104 70 3318
147 5 1197
99 12 1639
148 5 2336
5 147 1197
5 148 2336
5 140 853
140 5 853
12 99 1639
145 2 7612
71 87 5197
149 85 1003
2 145 7612
2 150 2541
33 150 2530
99 28 4077
92 26 7986
61 87 6172
61 26 6160
150 2 2541
150 33 2530
28 99 4077
41 26 5823
30 28 4574
87 149 5300
87 61 6172
151 72 1189
26 92 7986
26 61 6160
26 41 5823
72 151 1189
89 71 678
152 5 1878
153 3 563
8 33 1277
15 70 5847
2 154 1681
33 8 1277
3 153 563
5 152 1878
5 155 1131
70 15 5847
154 2 1681
155 5 1131
156 2 1004
156 33 535
2 156 1004
33 156 535
7 111 1908
7 5 756
7 102 1335
111 7 1908
5 7 756
102 7 1335
70 20 469
20 70 469
157 16 1330
39 67 1128
158 76 320
67 39 1128
16 157 1330
76 112 1430
112 76 1430
159 16 1480
37 13 6265
160 16 2015
13 37 6265
13 16 10875
16 159 1480
16 160 2015
16 13 10875
16 65 2188
16 48 2491
16 2 9504
16 5 9607
16 161 1063
16 64 2541
16 6 9536
65 16 2188
48 16 2491
2 16 9504
5 16 9607
161 16 1063
64 16 2541
6 16 9536
162 108 274
108 162 274
163 64 678
64 163 678
64 164 1209
164 64 1209
58 34 6349
25 81 1314
16 81 1411
34 58 6349
81 25 1314
81 41 6805
41 81 6805
26 70 5143
27 166 1775
165 23 384
166 27 1775
166 51 883
166 36 2648
166 23 392
51 166 883
23 165 384
36 166 2648
23 166 392
110 191 236
20 12 447
12 20 447
42 57 3045
57 42 3045
13 168 658
128 167 228
167 128 228
167 34 348
34 167 348
168 13 658
13 3 4614
33 5 2440
3 13 4614
5 33 2440
27 31 463
64 196 2928
169 4 6647
170 213 420
115 16 970
16 115 970
4 169 6647
133 112 990
9 38 129
2 31 9654
28 172 6662
28 95 7372
171 31 928
172 28 6662
51 31 1037
31 27 463
31 2 9654
31 51 1037
38 9 129
95 28 7372
141 312 165
112 133 990
55 61 540
55 31 5997
56 145 184
82 121 2002
82 17 5871
82 108 2250
82 61 748
82 87 5513
173 16 5326
173 61 676
145 56 184
121 82 2002
16 173 5326
49 174 807
17 82 5871
108 82 2250
174 49 807
61 55 540
61 82 748
61 173 676
31 55 5997
87 82 5513
103 27 599
103 39 345
103 16 1280
103 28 620
90 31 856
90 51 345
90 23 853
48 39 1540
48 119 2000
31 90 856
39 103 345
39 166 1573
39 64 1939
25 17 980
25 28 1394
25 119 1434
16 103 1280
175 119 1732
166 39 1573
166 28 1565
28 25 1394
28 166 1565
28 64 2065
119 48 2000
119 25 1434
119 175 1732
119 64 2094
64 39 1939
64 28 2065
64 119 2094
51 90 345
23 90 853
40 132 1948
40 29 2145
40 4 1885
82 29 1188
173 29 1040
37 1 8180
131 11 3521
69 5 1469
42 176 2500
83 11 8240
176 42 2500
8 29 11241
8 4 10351
132 40 1948
15 29 10479
29 40 2145
29 82 1188
29 173 1040
29 8 11241
29 15 10479
135 11 6387
91 57 2040
91 110 1660
57 91 2040
16 177 8356
16 20 5091
16 12 5505
4 40 1885
4 8 10351
177 16 8356
11 131 3521
11 83 8240
11 135 6387
11 18 7674
11 36 6111
1 37 8180
5 69 1469
110 91 1660
18 11 7674
36 11 6111
20 16 5091
12 16 5505
160 178 516
135 178 1509
16 178 2410
178 160 516
178 135 1509
178 16 2410
13 179 2996
179 13 2996
179 104 707
104 179 707
31 28 446
180 181 44
181 180 44
156 5 2035
5 156 2035
70 97 2165
70 123 1961
97 70 2165
123 70 1961
100 3 2611
3 100 2611
98 182 934
182 98 934
183 16 731
16 183 731
184 185 243
184 6 1591
185 184 243
6 184 1591
7 126 1770
126 7 1770
13 148 999
13 35 2632
148 13 999
186 44 1015
187 151 1029
44 186 1015
151 187 1029
67 68 2984
68 67 2984
64 188 820
64 6 7018
188 64 820
6 64 7018
174 64 1774
64 174 1774
189 25 2428
25 189 2428
99 141 1149
141 99 1149
103 48 1216
48 103 1216
21 190 3228
190 21 3228
191 4 3766
122 131 2573
4 191 3766
192 39 274
193 134 1996
193 196 1833
194 134 1714
134 193 1996
134 194 1714
134 195 2228
195 134 2228
196 193 1833
37 3 8365
3 37 8365
26 87 116
58 6 7359
6 58 7359
3 197 1067
3 198 1435
197 3 1067
198 3 1435
199 25 5849
25 199 5849
53 99 1234
99 53 1234
200 141 253
141 200 253
27 36 880
201 36 1352
135 25 1162
25 135 1162
25 51 2066
25 202 7006
51 25 2066
202 25 7006
87 25 1338
87 36 1131
36 27 880
36 201 1352
36 87 1131
48 26 2172
26 48 2172
117 64 1913
203 64 2058
64 117 1913
64 203 2058
13 167 668
13 204 1005
167 13 668
28 26 373
204 13 1005
26 28 373
65 70 3472
70 65 3472
134 175 3608
175 134 3608
21 207 3000
16 205 1344
205 16 1344
130 36 882
67 22 1839
138 47 2834
206 21 2860
207 21 3000
207 47 2751
36 130 882
47 138 2834
47 207 2751
8 156 808
156 8 808
13 12 5904
87 12 5167
12 13 5904
12 87 5167
12 141 1980
98 112 1183
112 98 1183
208 70 847
70 208 847
70 30 368
70 209 548
70 64 3639
70 141 1990
209 70 548
64 70 3639
210 16 553
16 210 553
211 25 6676
25 211 6676
208 144 1784
53 212 1636
53 144 1782
212 53 1636
144 208 1784
144 53 1782
39 23 1339
17 51 1172
81 23 2016
51 17 1172
23 39 1339
23 81 2016
213 170 420
151 89 939
89 151 939
29 3 10414
2 100 3076
124 146 691
100 2 3076
3 29 10414
3 1 7313
1 3 7313
214 37 1928
105 58 2595
37 214 1928
37 215 3193
215 37 3193
58 45 4412
73 58 2402
34 2 5383
2 34 5383
8 34 3761
34 8 3761
3 216 1629
216 3 1629
217 5 460
218 5 672
13 104 2754
219 5 1184
220 5 1132
5 217 460
5 218 672
5 219 1184
5 220 1132
104 13 2754
27 61 6614
221 28 4306
37 42 11992
42 37 11992
42 33 8663
42 28 9104
42 223 3856
191 92 1993
29 18 8463
2 61 10738
111 150 2533
25 41 5731
79 41 5393
4 223 3398
33 42 8663
92 191 1993
61 27 6614
61 2 10738
61 18 7670
222 28 3327
150 111 2533
18 29 8463
18 61 7670
28 221 4306
28 42 9104
28 222 3327
28 30 4574
28 224 4564
41 25 5731
41 79 5393
41 51 6144
41 36 6105
223 4 3398
51 41 6144
87 151 4443
87 72 5075
151 87 4443
36 41 6105
224 28 4564
225 121 2187
225 92 2907
121 225 2187
92 225 2907
226 7 747
227 7 973
7 226 747
7 227 973
228 52 2082
52 228 2082
229 3 681
217 13 2973
227 5 977
230 3 388
231 3 827
153 33 1348
37 8 7854
64 15 5758
13 217 2973
13 15 4463
232 2 1595
42 8 9832
42 15 9456
8 37 7854
8 42 9832
8 102 844
156 15 1229
15 64 5758
15 13 4463
15 42 9456
15 156 1229
15 34 4363
15 61 11037
15 6 3271
2 232 1595
25 18 8367
34 15 4363
33 153 1348
3 229 681
3 230 388
3 231 827
3 154 467
61 15 11037
5 227 977
18 25 8367
102 8 844
154 3 467
6 15 3271
233 62 116
62 233 116
156 102 182
102 156 182
234 64 873
234 23 450
64 234 873
23 234 450
7 15 1718
7 34 3185
7 74 587
7 235 1200
7 35 815
7 6 2433
15 7 1718
34 7 3185
74 7 587
235 7 1200
35 7 815
6 7 2433
208 20 400
20 208 400
10 143 903
143 10 903
30 70 368
236 16 935
75 67 2298
158 112 1449
67 75 2298
67 41 5338
67 51 989
67 12 5655
237 16 3990
16 236 935
16 237 3990
16 239 1023
238 41 5122
41 67 5338
41 238 5122
41 171 5185
41 207 5377
171 41 5185
51 67 989
207 41 5377
239 16 1023
12 67 5655
240 16 3617
13 247 5398
241 16 2278
8 16 9216
201 16 1031
242 16 1175
243 244 456
67 25 1423
67 119 656
25 67 1423
16 240 3617
16 8 9216
16 201 1031
16 242 1175
16 244 9040
16 246 9713
16 141 3676
16 241 2278
16 245 386
16 223 7961
244 16 9040
245 16 386
244 243 456
119 67 656
119 207 620
246 16 9713
207 119 620
141 16 3676
247 13 5398
248 7 1582
7 248 1582
7 153 1260
7 249 750
7 251 204
7 154 1610
153 7 1260
249 7 750
69 250 1925
250 69 1925
251 7 204
154 7 1610
252 81 1087
90 26 554
253 64 2412
64 253 2412
201 81 884
130 135 1507
135 130 1507
254 72 363
48 81 1400
196 64 2928
28 12 4845
81 252 1087
81 201 884
81 48 1400
81 36 855
70 26 5143
51 26 640
6 12 4957
36 81 855
12 244 6284
12 28 4845
12 6 4957
26 90 554
26 51 640
242 166 791
166 242 791
166 87 1624
87 166 1624
191 280 347
255 358 342
256 42 2023
42 256 2023
42 24 10481
122 19 3187
19 122 3187
257 19 1113
19 257 1113
201 135 599
135 201 599
225 280 804
57 25 9007
57 122 4209
57 92 1264
25 57 9007
122 57 4209
4 258 2185
92 57 1264
223 59 2844
223 95 1470
59 223 2844
258 4 2185
95 223 1470
13 259 740
13 260 1382
259 13 740
34 148 682
148 34 682
5 260 1781
260 13 1382
260 5 1781
261 31 1468
31 261 1468
252 31 1051
262 31 807
263 31 6759
201 31 838
264 6 514
189 16 2070
242 31 1361
31 46 1200
190 31 735
78 81 453
98 9 821
265 87 588
170 266 613
266 170 613
115 28 480
115 87 725
16 189 2070
16 268 1184
4 31 9043
267 112 498
11 54 5087
28 115 480
28 81 898
268 16 1184
269 31 6815
81 78 453
81 28 898
270 530 272
119 31 413
54 11 5087
31 252 1051
31 262 807
31 411 6720
31 263 6759
31 201 838
31 242 1361
31 190 735
31 4 9043
31 269 6815
31 171 928
31 119 413
31 272 1320
87 265 588
87 115 725
271 36 482
6 264 514
36 271 482
26 12 5168
272 31 1320
46 31 1200
217 7 320
7 217 320
7 232 1845
7 219 812
7 216 871
232 7 1845
219 7 812
216 7 871
55 121 1718
55 41 576
55 172 347
55 59 749
55 95 1188
56 275 372
56 177 1605
56 1 4372
56 41 3872
273 16 4541
274 16 6767
208 16 4904
275 56 372
121 55 1718
16 273 4541
16 274 6767
16 208 4904
177 56 1605
1 56 4372
41 55 576
41 56 3872
59 55 749
95 55 1188
27 103 599
27 25 1238
103 90 582
103 160 764
103 189 790
103 135 631
103 81 739
103 31 1034
90 103 582
90 21 3686
90 25 1844
240 39 2673
21 90 3686
90 48 1728
183 48 1763
160 103 764
48 90 1728
48 183 1763
48 277 2001
205 28 1210
189 103 790
135 103 631
39 240 2673
39 25 1499
39 276 1223
25 27 1238
25 90 1844
25 39 1499
17 25 980
28 205 1210
28 113 810
81 103 739
81 119 1088
119 81 1088
276 39 1223
277 48 2001
31 103 1034
113 28 810
55 91 1980
55 4 3451
55 94 1883
56 2 7474
56 5 10237
82 172 838
7 145 9751
181 29 3396
181 11 2605
131 91 1788
256 4 1503
145 7 9751
278 91 1441
191 91 1662
191 94 2340
176 29 2862
225 91 1915
199 16 5627
279 12 1956
29 181 3396
29 176 2862
29 389 2807
29 223 2400
2 56 7474
215 4 8922
91 55 1980
91 131 1788
91 278 1441
91 191 1662
91 225 1915
91 280 1679
91 18 6579
91 114 6753
91 119 7557
280 91 1679
58 4 12768
67 11 5345
25 113 1954
16 199 5627
4 55 3451
4 256 1503
4 215 8922
4 58 12768
4 52 11564
33 1 6589
11 114 7772
1 33 6589
5 56 10237
18 91 6579
114 91 6753
114 11 7772
119 91 7557
172 82 838
94 55 1883
94 191 2340
223 29 2400
52 4 11564
12 279 1956
281 178 509
48 178 530
81 178 1109
31 178 2080
36 178 1933
178 281 509
178 48 530
178 81 1109
178 31 2080
178 36 1933
282 70 2538
5 97 3793
41 87 5834
70 282 2538
97 5 3793
185 6 1649
87 41 5834
6 185 1649
91 283 2412
283 91 2412
60 178 908
28 31 446
284 181 94
181 284 94
285 181 115
48 286 808
286 48 808
287 6 655
6 287 655
241 31 2078
31 241 2078
31 288 1910
31 289 2286
288 31 1910
289 31 2286
3 148 4342
148 3 4342
175 65 1087
65 175 1087
156 6 3679
6 156 3679
240 64 2641
64 240 2641
13 97 4211
10 123 1637
97 13 4211
123 10 1637
7 100 1143
156 125 2800
100 7 1143
100 5 1093
100 6 2131
5 100 1093
125 156 2800
6 100 2131
290 158 265
98 77 544
158 290 265
280 131 274
21 277 3255
183 291 1446
16 277 508
291 183 1446
292 28 1216
68 277 3144
28 292 1216
277 103 784
277 21 3255
277 16 508
277 68 3144
293 70 1690
293 97 993
70 293 1690
97 293 993
175 294 3591
294 175 3591
294 295 826
295 294 826
184 96 655
108 296 2415
296 108 2415
7 155 1517
155 7 1517
297 269 126
269 297 126
298 299 74
299 298 74
300 36 907
265 288 1754
288 265 1754
36 300 907
13 287 1996
13 140 2207
287 13 1996
140 13 2207
35 13 2632
5 125 1713
125 5 1713
48 301 658
301 48 658
43 151 730
302 64 8612
64 302 8612
199 162 1725
162 199 1725
162 303 1200
106 303 964
223 42 3856
303 162 1200
303 106 964
130 41 5307
41 130 5307
304 16 3190
16 304 3190
16 305 2462
305 16 2462
31 306 1759
306 31 1759
50 138 3986
67 137 2928
67 47 2829
16 307 3952
307 16 3952
137 67 2928
138 50 3986
47 67 2829
42 191 4265
191 42 4265
191 11 3360
191 61 3079
11 191 3360
61 191 3079
99 48 2356
48 99 2356
64 69 7629
64 308 9259
64 148 7410
64 309 5393
64 310 840
69 64 7629
308 64 9259
148 64 7410
309 64 5393
310 64 840
236 190 666
236 311 507
190 236 666
51 87 740
87 51 740
87 23 1278
23 87 1278
311 236 507
208 133 1823
133 208 1823
55 79 5718
31 305 2392
79 55 5718
305 31 2392
189 36 1977
36 189 1977
208 141 1258
64 141 2614
141 208 1258
141 64 2614
208 312 1340
99 312 1305
312 208 1340
312 99 1305
65 51 1359
305 51 3413
51 65 1359
51 305 3413
194 196 1454
196 194 1454
37 313 2032
313 37 2032
186 62 365
124 257 1125
257 124 1125
208 314 2763
208 143 2014
208 315 2668
314 208 2763
314 99 3653
143 208 2014
143 99 2868
99 314 3653
99 143 2868
99 315 3558
315 208 2668
315 99 3558
48 189 450
48 310 1003
189 48 450
310 48 1003
103 316 1594
316 103 1594
169 24 4063
24 169 4063
279 30 2168
10 314 1813
314 10 1813
143 209 1695
30 279 2168
209 315 2327
147 6 1297
6 147 1297
87 319 3237
317 13 3106
249 13 2607
13 317 3106
13 249 2607
13 147 2680
13 318 3210
147 13 2680
318 13 3210
319 6 7278
6 319 7278
208 200 1463
189 200 1435
99 200 1401
48 200 985
200 208 1463
200 189 1435
200 99 1401
200 48 985
320 321 253
321 521 269
321 320 253
270 409 710
201 113 454
113 201 454
240 201 2661
240 65 2089
201 240 2661
65 240 2089
27 79 1688
27 48 1747
79 27 1688
48 27 1747
48 120 1828
120 48 1828
21 238 3300
67 17 980
17 67 980
17 322 1274
238 21 3300
322 17 1274
131 191 618
131 122 2573
191 131 618
280 191 347
27 62 4867
90 87 611
13 39 10048
208 10 1155
39 159 775
39 13 10048
39 323 603
39 324 238
39 192 274
39 120 334
39 87 625
39 325 1642
10 208 1155
79 39 1954
79 28 1817
323 39 603
324 39 238
48 28 1831
28 79 1817
28 48 1831
28 120 241
62 27 4867
120 39 334
120 28 241
87 90 611
87 39 625
325 39 1642
326 413 96
327 202 1993
202 327 1993
53 476 970
17 28 452
28 17 452
254 44 106
133 319 1586
319 133 1586
75 28 1586
201 26 687
87 26 116
26 201 687
87 78 845
328 3 451
248 3 1602
249 3 2018
69 156 3495
69 3 3529
156 69 3495
156 140 2738
32 3 2114
48 3 7858
3 328 451
3 248 1602
3 249 2018
3 69 3529
3 32 2114
3 48 7858
3 140 2676
3 260 3634
140 156 2738
140 3 2676
260 3 3634
69 2 4355
329 2 7236
329 33 7197
2 69 4355
2 329 7236
2 28 9312
2 330 5932
111 6 4307
33 329 7197
33 330 5844
33 6 4114
28 2 9312
330 2 5932
330 33 5844
6 33 4114
159 36 1894
90 36 1529
28 36 1085
120 36 851
36 159 1894
36 90 1529
36 28 1085
122 18 3471
18 122 3471
208 53 444
53 208 444
53 312 1211
53 319 1635
53 200 1328
53 141 1184
312 53 1211
319 53 1635
200 53 1328
141 53 1184
222 64 1859
64 222 1859
331 30 1329
53 30 547
28 319 2911
30 331 1329
30 53 547
319 28 2911
332 104 464
104 332 464
49 312 1305
312 49 1305
75 276 152
276 75 152
262 36 968
240 36 3129
21 31 2848
333 31 1441
201 25 1720
31 21 2848
31 333 1441
25 201 1720
25 122 9465
25 48 2714
25 319 3350
25 87 1338
122 25 9465
16 334 944
48 25 2714
18 36 8727
319 25 3350
113 25 1954
334 16 944
36 262 968
36 240 3129
36 18 8727
335 336 2463
335 3 4834
335 196 476
335 64 2738
336 335 2463
3 335 4834
196 335 476
64 335 2738
79 26 1810
178 26 2147
26 79 1810
26 178 2147
26 22 1862
22 26 1862
103 337 414
337 103 414
27 26 587
338 13 1220
13 338 1220
13 339 494
13 340 336
13 341 2321
13 342 1450
339 13 494
340 13 336
2 14 5814
341 13 2321
14 2 5814
14 6 2281
342 13 1450
6 14 2281
26 27 587
18 257 1141
139 34 776
34 139 776
64 118 1780
39 175 1742
175 39 1742
175 28 1768
118 64 1780
28 175 1768
165 16 1804
21 171 3340
21 206 2860
333 16 1630
16 130 1317
130 16 1317
16 165 1804
68 138 2991
68 207 2907
16 333 1630
16 343 1641
343 16 1641
137 138 2933
137 207 2850
138 68 2991
138 137 2933
138 46 1659
138 22 1825
171 21 3340
206 47 2610
207 68 2907
207 137 2850
207 46 1591
207 22 1749
46 138 1659
46 207 1591
22 138 1825
22 207 1749
47 206 2610
99 344 1149
344 99 1149
345 215 975
345 346 1309
215 345 975
215 24 2098
346 345 1309
24 215 2098
13 347 2043
128 6 964
347 13 2043
6 128 964
160 189 282
160 25 2233
189 160 282
25 160 2233
28 160 1359
159 201 551
208 12 803
201 159 551
130 87 1509
314 12 2071
48 12 3023
315 12 2029
64 12 3697
87 130 1509
12 208 803
12 314 2071
12 48 3023
12 315 2029
12 64 3697
12 178 3250
178 12 3250
98 38 918
116 151 1260
186 255 811
244 112 4088
255 186 811
151 116 1260
112 244 4088
112 267 498
348 53 1218
53 348 1218
27 70 4754
13 70 5879
279 70 1867
98 70 3509
314 70 1990
34 70 5548
133 70 2577
48 70 3007
315 70 1942
49 70 1153
70 27 4754
70 13 5879
70 279 1867
70 98 3509
70 314 1990
70 34 5548
70 133 2577
70 48 3007
70 315 1942
70 49 1153
70 312 2028
70 14 6536
70 319 2408
70 200 2146
70 112 2456
312 70 2028
319 70 2408
200 70 2146
141 70 1990
112 70 2456
72 89 476
89 72 476
349 16 612
350 16 647
25 61 6073
25 54 1444
68 54 2894
16 350 647
61 25 6073
54 25 1444
54 68 2894
54 47 2751
47 54 2751
351 64 3018
64 351 3018
308 25 6534
25 308 6534
53 352 1740
352 53 1740
165 242 792
353 23 230
117 51 857
201 51 657
242 165 792
242 39 1306
242 118 698
242 119 1012
242 51 490
242 26 940
39 242 1306
118 242 698
17 23 1723
81 51 1522
119 242 1012
51 616 864
51 117 857
51 201 657
51 242 490
51 81 1522
51 23 552
51 22 2466
113 23 1375
337 23 1642
36 51 1799
23 353 230
23 17 1723
23 51 552
23 113 1375
23 337 1642
26 242 940
22 51 2466
335 295 667
295 335 667
70 84 5942
354 187 357
187 354 357
187 88 201
44 89 732
86 89 1158
88 187 201
89 44 732
89 86 1158
64 11 7507
64 61 7808
91 26 7396
11 64 7507
11 48 8001
48 11 8001
61 64 7808
30 209 220
209 30 220
72 224 845
224 72 845
214 58 2135
345 52 1895
37 45 4633
329 73 2431
329 24 2239
215 58 3846
215 52 2725
58 214 2135
58 215 3846
58 73 2402
45 37 4633
45 58 4412
73 329 2431
73 52 2526
52 345 1895
52 215 2725
52 346 2121
52 73 2526
24 329 2239
28 70 4823
28 22 1775
70 28 4823
22 28 1775
335 355 2389
335 356 2160
335 357 2365
355 335 2389
355 201 1913
355 48 1083
355 174 869
201 355 1913
356 335 2160
356 222 694
356 174 475
48 355 1083
222 356 694
174 355 869
174 356 475
174 357 514
357 335 2365
357 174 514
34 33 4898
34 3 4582
33 34 4898
3 34 4582
358 44 1663
358 255 342
44 358 1663
44 255 1826
217 100 1156
359 64 3638
359 196 1053
69 35 1525
8 26 8888
360 5 641
100 217 1156
3 35 2013
5 360 641
196 359 1053
70 35 5811
35 69 1525
35 3 2013
35 70 5811
26 8 8888
27 39 267
240 60 404
60 240 404
60 12 2342
37 5 7382
361 5 1435
111 5 2633
96 5 2966
143 6 3759
5 37 7382
5 361 1435
5 111 2633
5 96 2966
5 251 721
5 45 3458
5 64 7089
5 198 3433
5 35 164
5 24 9137
251 5 721
45 5 3458
64 5 7089
198 5 3433
104 6 2391
35 5 164
6 143 3759
6 104 2391
25 362 7402
362 25 7402
27 41 6273
103 11 6785
90 41 6311
240 41 9112
183 41 6236
349 41 4892
181 61 2577
145 28 8162
363 150 2741
364 4 7556
176 373 2146
365 368 300
242 41 5862
29 39 7230
29 28 6936
29 87 6606
366 150 2623
361 150 2272
2 92 10587
2 41 10724
135 41 6380
39 29 7230
39 61 6795
39 41 6456
367 92 660
91 369 3873
91 28 7710
368 365 300
368 108 320
57 61 3005
121 18 6853
121 28 7588
369 91 3873
4 364 7556
4 28 9258
370 150 2754
11 103 6785
99 374 739
92 2 10587
92 367 660
92 28 8339
61 181 2577
61 39 6795
61 57 3005
61 17 6496
61 372 2263
61 28 6502
61 19 8483
61 223 2255
371 150 2610
118 41 6089
222 375 766
17 61 6496
150 363 2741
150 366 2623
150 361 2272
150 370 2754
150 371 2610
150 102 2681
150 198 3292
18 121 6853
372 61 2263
102 150 2681
28 145 8162
28 29 6936
28 91 7710
28 121 7588
28 4 9258
28 92 8339
28 61 6502
28 41 6163
28 373 8043
28 59 5851
108 368 320
19 61 8483
41 27 6273
41 90 6311
41 240 9112
41 183 6236
41 349 4892
41 242 5862
41 2 10724
41 135 6380
41 39 6456
41 118 6089
41 28 6163
41 119 5994
41 54 5080
41 322 5052
41 23 6248
119 41 5994
54 41 5080
373 176 2146
373 28 8043
373 223 2725
223 61 2255
223 373 2725
198 150 3292
87 29 6606
59 28 5851
322 41 5052
374 99 739
375 222 766
23 41 6248
24 42 10481
376 131 503
181 225 1817
131 376 503
131 225 543
131 110 855
278 131 725
225 181 1817
225 131 543
225 4 4873
225 11 3591
225 61 3391
225 41 3601
280 92 2258
280 110 582
4 225 4873
11 225 3591
92 280 2258
92 110 1806
61 225 3391
110 131 855
110 92 1806
110 41 3322
41 225 3601
41 110 3322
201 28 394
5 14 3222
